0.000
0.491
0.746
0.542
1.195
1.170
1.057
1.183
1.084
1.261
1.089
0.679
1.270
0.929
1.257
1.128
1.047
1.370
1.368
1.181
0.888
2.381
1.011
1.421
1.611
1.699
2.412
2.669
1.531
2.608
3.153
2.923
1.876
3.011
3.129
2.963
3.588
3.323
3.093
3.101
2.959
3.153
3.193
1.466
3.375
3.443
2.531
3.021
2.664
2.487
1.644
3.614
3.736
3.296
3.101
3.340
3.018
4.330
3.619
3.555
3.337
4.995
3.039
3.671
3.102
4.854
5.496
5.188
5.496
4.887
4.934
5.681
3.141
5.304
4.871
0.518
1.012
2.980
3.083
3.129
3.031
3.043
3.643
3.436
3.915
4.501
3.977
5.306
5.219
5.197
5.250
5.777
5.772
6.667
5.641
7.791
